function seq = ovsf16()

seq = zeros(16,16);

seq(1,:) = [1 1 1 1 1 1 1 1 1 1 1 1 1 1 1 1];
seq(2,:) = [1 1 1 1 1 1 1 1 -1 -1 -1 -1 -1 -1 -1 -1];

seq(3,:) = [1 1 1 1 -1 -1 -1 -1 1 1 1 1 -1 -1 -1 -1];
seq(4,:) = [1 1 1 1 -1 -1 -1 -1 -1 -1 -1 -1 1 1 1 1];

seq(5,:) = [1 1 -1 -1 1 1 -1 -1 1 1 -1 -1 1 1 -1 -1];
seq(6,:) = [1 1 -1 -1 1 1 -1 -1 -1 -1 1 1 -1 -1 1 1];

seq(7,:) = [1 1 -1 -1 -1 -1 1 1 1 1 -1 -1 -1 -1 1 1];
seq(8,:) = [1 1 -1 -1 -1 -1 1 1 -1 -1 1 1 1 1 -1 -1];

seq(9,:) = [1 -1 1 -1 1 -1 1 -1 1 -1 1 -1 1 -1 1 -1];
seq(10,:) = [1 -1 1 -1 1 -1 1 -1 -1 1 -1 1 -1 1 -1 1];

seq(11,:) = [1 -1 1 -1 -1 1 -1 1 1 -1 1 -1 -1 1 -1 1];
seq(12,:) = [1 -1 1 -1 -1 1 -1 1 -1 1 -1 1 1 -1 1 -1];

seq(13,:) = [1 -1 -1 1 1 -1 -1 1 1 -1 -1 1 1 -1 -1 1];
seq(14,:) = [1 -1 -1 1 1 -1 -1 1 -1 1 1 -1 -1 1 1 -1];

seq(15,:) = [1 -1 -1 1 -1 1 1 -1 1 -1 -1 1 -1 1 1 -1];
seq(16,:) = [1 -1 -1 1 -1 1 1 -1 -1 1 1 -1 1 -1 -1 1];